02/01/1987,8.3,1.736,137.2,101.0,81.0,0.8
03/01/1987,11.8,4.25,108.5,100.4,67.0,1.9
06/01/1987,6.8,3.107,90.9,100.6,82.0,0.8
08/01/1987,6.1,2.027,234.0,101.5,79.0,1.0
11/01/1987,3.4,2.92,154.7,101.4,87.0,0.6
12/01/1987,3.0,2.988,111.2,101.3,90.0,0.5
14/01/1987,5.2,1.886,161.7,101.0,72.0,0.9
15/01/1987,3.7,2.533,225.8,100.2,70.0,1.2
19/01/1987,4.3,2.373,270.3,100.9,60.0,1.6
21/01/1987,6.4,2.164,271.7,101.4,47.0,2.2
24/01/1987,9.4,2.323,147.0,101.2,70.0,1.3
25/01/1987,10.9,1.485,281.3,101.5,65.0,1.8
28/01/1987,11.2,3.84,189.2,100.8,68.0,2.2
29/01/1987,9.8,3.166,237.8,100.7,69.0,2.0
01/02/1987,9.8,2.843,297.4,100.7,63.0,2.3
03/02/1987,10.4,3.262,161.0,100.6,85.0,1.1
06/02/1987,11.9,1.968,315.1,101.2,60.0,2.2
07/02/1987,14.3,2.551,315.1,100.8,48.0,3.3
09/02/1987,15.9,2.446,154.3,100.2,60.0,2.5
10/02/1987,16.2,2.806,348.8,100.3,67.0,3.2
13/02/1987,16.4,3.635,130.3,100.6,77.0,2.4
16/02/1987,8.9,2.706,294.7,101.1,77.0,1.8
19/02/1987,9.4,2.761,353.0,100.8,61.0,2.5
20/02/1987,9.9,2.619,362.5,101.1,51.0,3.2
22/02/1987,9.1,2.897,389.8,100.4,57.0,2.9
24/02/1987,6.6,3.18,363.3,99.2,55.0,2.6
27/02/1987,8.9,2.378,425.9,100.9,51.0,3.1
01/03/1987,12.1,1.717,439.5,100.4,50.0,3.5
04/03/1987,17.3,3.148,216.0,100.3,42.0,4.5
05/03/1987,14.1,3.672,140.3,100.3,87.0,1.3
07/03/1987,13.8,3.052,318.3,100.5,65.0,3.0
08/03/1987,14.0,3.403,404.0,100.6,62.0,3.5
11/03/1987,15.4,3.207,464.3,101.1,57.0,4.5
13/03/1987,13.8,3.321,496.5,100.9,61.0,4.3
17/03/1987,12.8,2.915,491.6,100.6,59.0,3.9
19/03/1987,8.5,3.694,438.8,100.1,54.0,3.5
21/03/1987,7.7,4.132,268.8,99.9,83.0,1.9
22/03/1987,9.0,2.123,425.0,100.7,66.0,2.5
25/03/1987,13.2,3.089,520.1,100.7,56.0,4.4
27/03/1987,14.0,2.364,534.0,100.7,59.0,4.5
30/03/1987,17.4,2.774,534.2,100.8,35.0,6.4
31/03/1987,17.2,2.323,490.2,100.3,47.0,5.3
04/04/1987,13.7,3.079,478.7,100.3,62.0,4.3
05/04/1987,15.7,3.831,599.9,100.7,49.0,6.6
08/04/1987,19.2,1.904,547.5,100.8,53.0,5.6
10/04/1987,20.7,4.013,535.8,100.4,48.0,7.3
14/04/1987,22.0,1.786,614.8,100.4,32.0,7.7
15/04/1987,22.5,2.341,647.0,100.5,35.0,8.4
17/04/1987,20.9,4.091,608.3,99.8,38.0,8.7
19/04/1987,13.5,2.87,606.7,100.8,35.0,6.5
22/04/1987,23.2,2.943,553.7,100.2,26.0,8.7
24/04/1987,20.0,3.471,627.3,100.3,40.0,8.4
27/04/1987,26.6,2.218,665.4,100.2,31.0,10.2
28/04/1987,24.0,3.635,466.8,100.1,34.0,8.8
03/05/1987,19.9,2.414,679.1,100.5,43.0,8.0
04/05/1987,24.4,2.679,663.2,100.3,31.0,9.8
07/05/1987,29.6,3.485,523.4,100.0,23.0,11.7
10/05/1987,27.3,2.961,649.1,99.9,36.0,10.8
13/05/1987,28.7,3.849,667.8,99.8,35.0,12.5
14/05/1987,29.1,3.243,593.1,99.8,34.0,11.2
16/05/1987,22.9,3.59,629.7,99.9,50.0,8.6
17/05/1987,19.4,3.922,682.1,99.7,48.0,8.5
20/05/1987,16.0,2.332,271.0,100.0,63.0,3.0
22/05/1987,20.2,3.931,666.0,100.4,50.0,8.8
26/05/1987,16.4,3.344,630.0,100.1,52.0,6.7
27/05/1987,17.9,3.079,701.9,100.2,52.0,7.7
29/05/1987,20.0,4.018,667.1,100.3,45.0,9.1
30/05/1987,21.0,3.029,657.0,100.3,39.0,8.8
02/06/1987,28.6,2.847,720.3,100.1,33.0,12.0
04/06/1987,27.7,3.567,647.5,100.1,37.0,11.6
07/06/1987,26.8,3.134,603.9,100.0,45.0,9.5
08/06/1987,26.8,4.073,720.0,100.0,39.0,12.3
10/06/1987,27.5,3.366,711.2,99.6,34.0,12.2
11/06/1987,27.5,3.54,685.2,99.8,37.0,11.8
15/06/1987,21.3,3.899,738.9,100.4,46.0,10.2
17/06/1987,22.4,3.972,734.1,100.3,37.0,11.1
20/06/1987,22.5,4.332,721.0,100.1,41.0,10.8
22/06/1987,23.5,2.487,713.0,100.2,42.0,9.6
24/06/1987,29.6,3.234,726.3,100.0,28.0,13.5
25/06/1987,30.8,3.143,714.5,99.9,31.0,13.5
28/06/1987,26.1,3.622,725.5,100.0,37.0,11.8
30/06/1987,24.9,4.118,718.7,99.9,42.0,11.3
04/07/1987,22.7,3.995,724.8,100.1,40.0,10.9
05/07/1987,24.7,3.758,750.6,100.0,36.0,11.8
07/07/1987,28.5,3.722,714.4,99.9,33.0,13.1
08/07/1987,26.9,3.53,735.6,99.6,36.0,12.4
11/07/1987,25.0,3.225,733.7,100.0,43.0,10.7
14/07/1987,31.7,3.061,681.2,99.8,34.0,12.7
18/07/1987,20.6,3.353,709.0,100.3,42.0,9.5
19/07/1987,22.8,3.394,662.7,100.0,36.0,10.0
21/07/1987,20.3,4.15,592.3,100.4,42.0,8.7
22/07/1987,21.8,3.708,728.5,100.4,37.0,10.5
25/07/1987,24.9,3.776,718.8,100.0,34.0,11.7
27/07/1987,25.6,3.59,685.0,99.8,33.0,11.4
31/07/1987,26.6,3.061,701.9,100.0,30.0,11.7
01/08/1987,29.3,2.592,707.1,99.9,28.0,11.9
03/08/1987,31.3,3.07,659.2,99.7,30.0,12.9
04/08/1987,31.8,3.439,679.5,99.8,23.0,14.2
07/08/1987,28.0,2.665,682.9,99.7,31.0,11.2
09/08/1987,28.3,2.733,683.8,99.9,34.0,11.2
12/08/1987,25.3,3.234,655.2,100.0,39.0,10.1
13/08/1987,24.1,3.403,670.3,99.7,37.0,9.9
16/08/1987,25.0,2.209,640.7,100.3,41.0,8.9
17/08/1987,27.4,3.079,647.9,100.2,36.0,10.8
20/08/1987,22.4,3.048,471.2,100.2,50.0,6.7
22/08/1987,23.0,2.906,620.6,100.5,42.0,8.6
25/08/1987,26.1,3.152,582.4,100.2,34.0,9.8
26/08/1987,27.4,2.856,569.6,100.3,38.0,9.4
28/08/1987,28.7,3.057,568.4,100.2,38.0,9.9
29/08/1987,30.3,2.984,559.5,100.1,32.0,10.7
01/09/1987,31.0,2.669,542.1,100.4,36.0,10.2
03/09/1987,29.7,3.107,557.2,100.0,30.0,11.2
06/09/1987,20.8,2.205,542.6,100.4,52.0,6.2
07/09/1987,22.1,2.833,579.4,100.5,49.0,7.5
09/09/1987,25.8,3.53,500.9,100.3,35.0,9.2
10/09/1987,21.6,4.082,533.3,100.5,50.0,7.8
13/09/1987,19.8,3.207,518.8,100.2,51.0,6.4
15/09/1987,22.2,2.214,554.6,100.4,48.0,6.9
18/09/1987,24.5,2.537,540.6,100.3,32.0,8.7
19/09/1987,24.3,2.66,538.8,100.3,35.0,8.4
21/09/1987,25.3,1.285,525.5,100.1,33.0,7.4
22/09/1987,26.5,2.492,449.3,100.1,31.0,8.2
25/09/1987,22.1,3.612,493.5,100.3,49.0,7.1
27/09/1987,24.1,2.004,507.7,100.2,39.0,7.2
30/09/1987,26.2,2.091,478.6,100.2,36.0,7.6
01/10/1987,26.4,2.966,479.5,100.1,36.0,8.4
03/10/1987,25.7,2.66,482.3,100.8,38.0,7.9
04/10/1987,26.2,2.027,476.6,100.6,32.0,7.6
07/10/1987,23.7,3.057,453.1,100.2,36.0,7.6
09/10/1987,20.6,3.335,416.3,100.2,51.0,5.7
12/10/1987,20.0,3.831,413.1,100.4,53.0,5.7
13/10/1987,18.8,1.84,436.9,100.3,55.0,4.4
15/10/1987,20.2,1.535,425.5,100.2,45.0,4.7
16/10/1987,20.1,2.259,428.4,100.5,41.0,5.4
19/10/1987,19.2,1.818,412.7,100.2,36.0,5.1
21/10/1987,19.0,2.319,325.7,100.4,53.0,4.0
24/10/1987,18.8,2.223,319.0,100.7,67.0,3.0
25/10/1987,19.6,1.686,365.3,101.2,58.0,3.7
27/10/1987,20.1,1.886,165.4,100.4,59.0,2.4
28/10/1987,19.1,2.597,279.1,100.5,74.0,2.5
01/11/1987,16.3,2.041,202.6,100.2,79.0,1.8
03/11/1987,12.6,0.793,332.8,100.5,60.0,2.1
06/11/1987,15.2,1.968,237.1,101.0,66.0,2.1
07/11/1987,13.2,1.558,317.8,101.2,69.0,2.1
09/11/1987,15.3,2.925,294.6,101.1,58.0,2.8
10/11/1987,13.7,1.717,272.6,101.3,77.0,1.6
13/11/1987,12.6,2.879,113.2,100.4,89.0,0.7
15/11/1987,8.6,1.412,261.9,101.2,66.0,1.5
18/11/1987,11.4,1.69,212.9,101.2,84.0,1.0
19/11/1987,12.3,1.453,254.9,101.4,58.0,1.8
21/11/1987,7.7,1.481,151.2,101.0,89.0,0.5
22/11/1987,8.4,1.312,160.1,100.8,81.0,0.7
25/11/1987,6.1,2.51,138.3,101.0,84.0,0.7
27/11/1987,6.1,1.444,236.3,100.8,62.0,1.3
30/11/1987,8.8,2.278,128.1,101.0,66.0,1.4
01/12/1987,12.0,1.617,201.6,101.0,57.0,2.0
03/12/1987,11.9,2.433,262.2,100.7,63.0,2.1
04/12/1987,11.9,3.831,122.8,100.0,73.0,1.5
07/12/1987,9.7,3.202,238.7,101.3,61.0,1.9
09/12/1987,10.1,1.435,212.8,101.4,72.0,1.1
12/12/1987,4.7,2.829,150.0,100.6,69.0,1.1
13/12/1987,2.6,3.175,233.7,100.8,64.0,1.4
15/12/1987,4.7,4.164,117.9,100.5,53.0,2.3
16/12/1987,9.9,3.576,118.1,99.0,46.0,3.3
19/12/1987,7.2,2.118,168.2,100.5,83.0,0.7
21/12/1987,3.8,1.79,112.3,101.5,97.0,0.1
26/12/1987,2.4,2.191,249.2,101.3,45.0,1.7
27/12/1987,3.6,3.175,127.9,101.3,49.0,1.9
30/12/1987,4.6,1.963,181.9,101.5,71.0,0.9
31/12/1987,1.9,1.811,235.9,101.7,74.0,0.7
03/01/1988,8.4,3.339,126.1,100.9,79.0,1.2
05/01/1988,10.2,3.745,127.7,100.5,84.0,0.9
08/01/1988,8.1,2.168,189.3,101.3,83.0,0.8
09/01/1988,7.7,2.05,111.8,101.7,92.0,0.3
12/01/1988,5.4,1.631,265.0,101.3,69.0,1.2
13/01/1988,6.3,2.214,253.0,101.8,72.0,1.2
18/01/1988,6.3,3.54,223.4,100.5,58.0,2.3
20/01/1988,5.3,2.027,269.6,101.9,69.0,1.2
23/01/1988,7.0,1.95,235.1,101.5,68.0,1.3
24/01/1988,7.9,2.045,297.1,101.4,68.0,1.5
26/01/1988,9.7,1.745,246.9,101.1,70.0,1.3
27/01/1988,11.0,2.013,264.9,100.8,69.0,1.7
30/01/1988,10.1,4.182,283.3,100.8,67.0,2.3
05/02/1988,7.2,1.84,329.0,101.6,58.0,1.8
08/02/1988,9.1,1.43,343.1,101.4,63.0,1.8
09/02/1988,10.1,1.936,326.7,101.5,67.0,1.9
11/02/1988,11.6,1.599,354.4,101.2,61.0,2.3
12/02/1988,12.3,1.467,350.5,100.9,53.0,2.6
15/02/1988,12.0,1.941,367.3,100.6,55.0,2.8
17/02/1988,9.4,2.355,386.2,101.3,50.0,3.1
20/02/1988,11.1,2.05,379.7,101.3,39.0,3.6
21/02/1988,11.4,1.508,349.0,101.0,45.0,2.9
23/02/1988,12.8,2.032,328.4,100.4,50.0,2.9
24/02/1988,13.0,1.877,405.8,100.8,56.0,3.2
27/02/1988,16.2,2.934,170.0,100.4,63.0,2.7
29/02/1988,12.5,3.271,154.3,100.5,91.0,1.0
03/03/1988,11.3,2.023,439.0,100.8,67.0,2.7
04/03/1988,12.8,2.132,382.5,101.1,74.0,2.3
06/03/1988,13.1,4.223,376.6,100.9,65.0,3.4
07/03/1988,12.5,2.364,466.0,100.8,71.0,3.1
11/03/1988,8.9,2.761,490.9,100.7,38.0,4.1
13/03/1988,11.5,1.931,502.4,101.2,37.0,4.4
16/03/1988,12.3,2.597,504.6,100.8,49.0,4.4
17/03/1988,13.6,1.745,514.8,101.4,39.0,4.5
19/03/1988,17.4,1.335,518.7,101.0,29.0,5.6
20/03/1988,18.1,2.815,483.7,100.7,35.0,6.2
25/03/1988,17.5,1.763,541.5,101.1,49.0,5.3
28/03/1988,13.2,2.05,576.6,100.9,34.0,5.8
31/03/1988,15.3,3.048,551.6,100.4,27.0,7.0
01/04/1988,16.8,2.51,592.4,100.6,30.0,7.2
03/04/1988,16.9,3.271,527.4,100.2,38.0,6.5
04/04/1988,17.6,3.963,557.9,100.4,46.0,7.0
08/04/1988,15.2,2.829,545.5,100.5,37.0,6.4
10/04/1988,22.0,1.831,548.1,100.5,30.0,7.4
13/04/1988,16.9,3.685,346.4,100.0,55.0,4.4
14/04/1988,10.6,3.594,193.6,99.9,93.0,0.8
16/04/1988,13.8,3.034,281.9,100.6,71.0,2.5
17/04/1988,15.9,3.89,556.5,100.7,59.0,5.6
21/04/1988,13.5,3.599,595.3,99.5,58.0,5.2
23/04/1988,11.8,3.038,392.2,100.7,70.0,2.9
26/04/1988,18.6,1.54,561.2,100.1,45.0,5.6
27/04/1988,19.6,2.993,461.7,99.8,44.0,6.0
02/05/1988,15.7,2.533,659.8,101.2,35.0,7.2
03/05/1988,17.1,3.171,651.6,100.4,40.0,7.7
06/05/1988,12.4,2.574,525.2,101.0,54.0,4.3
08/05/1988,14.8,2.177,632.2,100.9,56.0,5.5
11/05/1988,24.9,2.182,653.7,100.6,38.0,9.2
14/05/1988,21.5,2.273,692.7,100.3,41.0,8.7
18/05/1988,19.7,2.756,723.0,100.2,43.0,8.8
19/05/1988,23.3,2.341,729.4,100.1,38.0,9.9
22/05/1988,25.9,3.95,597.0,100.1,27.0,11.7
24/05/1988,23.9,3.658,720.9,100.0,32.0,11.6
30/05/1988,16.8,3.43,758.2,100.2,40.0,9.0
31/05/1988,20.4,2.706,682.9,100.6,36.0,9.0
02/06/1988,25.7,3.959,754.0,100.5,34.0,12.5
06/06/1988,15.4,3.312,679.4,100.4,44.0,7.4
09/06/1988,20.6,3.676,761.0,100.4,37.0,10.4
11/06/1988,22.6,3.858,715.4,100.3,37.0,10.8
14/06/1988,29.5,2.733,656.7,99.9,33.0,11.6
15/06/1988,28.7,3.166,694.4,99.9,32.0,12.4
17/06/1988,24.2,3.776,714.4,99.8,41.0,11.0
18/06/1988,28.5,3.148,734.2,99.8,37.0,12.3
21/06/1988,24.8,2.829,726.1,100.1,45.0,10.2
23/06/1988,29.4,3.667,481.7,99.6,46.0,9.4
26/06/1988,27.3,4.259,754.7,100.3,33.0,13.8
29/06/1988,24.5,3.89,742.6,100.1,28.0,12.8
01/07/1988,29.4,3.189,747.2,99.6,29.0,13.4
02/07/1988,30.0,3.776,748.1,99.7,30.0,14.2
07/07/1988,28.9,3.312,746.9,100.1,32.0,13.4
09/07/1988,30.3,2.706,726.2,99.8,31.0,12.8
12/07/1988,25.7,4.227,739.7,100.4,40.0,12.2
13/07/1988,26.5,3.845,732.9,100.2,43.0,11.8
16/07/1988,30.0,2.902,717.5,100.2,39.0,12.3
17/07/1988,32.3,2.756,716.2,100.1,36.0,12.7
20/07/1988,32.5,3.198,705.7,100.1,35.0,13.1
22/07/1988,32.9,3.079,670.1,100.1,32.0,13.2
25/07/1988,32.4,3.663,682.4,100.3,36.0,13.6
26/07/1988,32.7,3.899,688.9,100.0,35.0,13.9
28/07/1988,31.9,3.808,710.8,100.3,31.0,14.3
29/07/1988,31.2,2.852,673.3,100.1,33.0,12.3
01/08/1988,28.0,3.913,690.9,99.9,35.0,12.4
03/08/1988,25.8,3.694,677.2,100.3,45.0,10.5
06/08/1988,23.2,3.48,648.9,100.2,46.0,9.2
07/08/1988,24.4,2.893,680.0,100.2,42.0,9.7
09/08/1988,28.0,3.152,671.3,99.9,32.0,11.7
10/08/1988,27.4,2.542,665.4,99.7,27.0,11.2
13/08/1988,22.2,3.33,666.0,100.2,42.0,9.3
15/08/1988,23.0,2.838,673.3,100.1,40.0,9.2
18/08/1988,28.1,2.843,656.8,99.8,29.0,11.5
19/08/1988,28.8,2.419,638.5,99.5,30.0,10.8
21/08/1988,26.6,3.23,626.9,99.6,34.0,10.7
22/08/1988,26.4,3.294,612.9,100.0,37.0,10.2
25/08/1988,29.1,2.382,410.0,100.1,35.0,8.2
27/08/1988,31.9,3.517,546.2,99.5,27.0,12.3
30/08/1988,32.0,2.774,556.6,99.3,30.0,11.1
31/08/1988,32.0,2.683,576.0,99.4,30.0,11.5
02/09/1988,30.9,3.098,564.5,100.0,32.0,11.5
03/09/1988,30.8,2.628,573.1,100.0,34.0,10.8
06/09/1988,30.7,2.71,515.9,99.7,32.0,10.3
08/09/1988,26.8,2.966,531.4,99.8,37.0,9.3
11/09/1988,23.8,2.729,562.3,99.7,38.0,8.5
12/09/1988,23.4,2.943,541.0,99.9,31.0,8.8
14/09/1988,24.2,2.829,538.0,100.2,35.0,8.6
15/09/1988,24.1,3.553,534.3,100.0,36.0,8.9
18/09/1988,21.0,2.51,543.4,100.0,30.0,7.9
20/09/1988,19.1,3.599,473.1,99.6,48.0,6.5
23/09/1988,22.6,2.282,496.3,100.2,39.0,7.1
24/09/1988,22.2,2.587,496.1,100.1,38.0,7.1
26/09/1988,19.6,3.271,499.1,100.9,48.0,6.6
27/09/1988,20.9,3.034,479.6,100.9,45.0,6.7
30/09/1988,25.3,1.849,486.4,100.1,32.0,7.5
02/10/1988,21.4,3.161,461.0,100.3,46.0,6.7
05/10/1988,21.5,1.977,427.6,100.2,47.0,5.3
06/10/1988,20.4,1.877,415.8,100.3,52.0,4.6
08/10/1988,20.9,2.041,435.6,101.1,49.0,5.1
09/10/1988,21.3,2.259,425.8,100.6,44.0,5.5
12/10/1988,18.9,1.758,408.6,100.4,53.0,4.2
14/10/1988,17.8,2.05,401.5,100.7,62.0,3.8
17/10/1988,22.0,1.649,398.2,100.4,39.0,5.2
18/10/1988,22.8,2.46,407.3,100.4,37.0,6.3
20/10/1988,22.1,1.777,373.6,99.9,39.0,5.1
21/10/1988,22.6,1.967,372.1,100.3,38.0,6.0
24/10/1988,19.4,1.79,364.5,100.1,44.0,4.3
26/10/1988,18.7,2.328,358.6,100.1,43.0,4.6
29/10/1988,15.1,1.731,283.5,100.8,60.0,2.7
30/10/1988,15.0,1.494,327.8,100.8,58.0,2.8
01/11/1988,18.0,2.314,309.4,100.4,51.0,3.7
02/11/1988,15.5,1.872,309.9,100.7,63.0,2.7
05/11/1988,17.8,1.604,275.9,100.4,56.0,2.9
07/11/1988,14.1,1.408,214.4,100.3,48.0,2.6
10/11/1988,16.3,2.073,251.2,100.6,46.0,3.4
11/11/1988,13.9,0.738,300.3,100.7,60.0,2.3
13/11/1988,13.7,3.275,140.2,100.2,86.0,1.6
14/11/1988,10.6,1.727,302.1,100.6,66.0,1.9
17/11/1988,9.5,1.667,292.6,100.8,65.0,1.8
19/11/1988,9.0,0.574,262.9,101.4,59.0,1.4
22/11/1988,13.4,1.107,188.8,100.9,51.0,2.0
23/11/1988,11.7,3.749,114.1,100.3,76.0,2.0
25/11/1988,8.1,0.688,59.3,100.1,90.0,0.2
26/11/1988,9.4,0.342,72.1,100.9,94.0,0.3
29/11/1988,9.8,0.597,223.6,101.8,71.0,1.1
01/12/1988,7.6,0.806,244.6,101.1,78.0,0.8
04/12/1988,7.4,0.278,197.3,101.5,81.0,0.6
05/12/1988,7.9,0.419,171.5,101.6,83.0,0.5
07/12/1988,5.2,0.638,108.2,100.7,94.0,0.1
08/12/1988,5.7,0.273,175.0,101.1,84.0,0.4
11/12/1988,6.5,1.49,198.4,101.5,75.0,0.9
13/12/1988,7.1,0.948,198.2,100.8,78.0,0.7
16/12/1988,6.6,2.068,42.7,101.1,90.0,0.4
17/12/1988,8.0,2.068,67.9,101.2,95.0,0.3
19/12/1988,8.6,1.298,133.0,100.7,86.0,0.6
20/12/1988,9.7,2.332,94.8,100.7,78.0,0.8
23/12/1988,4.0,2.0,188.6,101.4,69.0,1.1
25/12/1988,4.9,1.831,163.5,100.3,72.0,0.9
28/12/1988,3.1,0.989,112.0,101.2,84.0,0.3
29/12/1988,2.9,1.025,163.0,101.8,79.0,0.5
31/12/1988,6.7,2.191,120.5,100.6,81.0,0.7
01/01/1989,4.2,1.795,94.0,100.9,85.0,0.5
04/01/1989,3.1,2.405,120.6,100.7,95.0,0.2
06/01/1989,3.8,3.612,261.5,101.3,70.0,1.5
10/01/1989,5.2,2.537,172.3,101.3,74.0,0.9
11/01/1989,5.4,2.264,130.8,101.8,75.0,0.9
13/01/1989,5.1,1.859,266.3,101.5,64.0,1.3
14/01/1989,3.4,2.291,108.2,101.6,85.0,0.5
17/01/1989,3.9,1.399,227.3,101.5,80.0,0.8
19/01/1989,6.4,1.048,233.4,101.0,75.0,0.9
22/01/1989,9.0,1.553,244.9,100.1,65.0,1.4
23/01/1989,8.1,3.057,97.2,100.2,94.0,0.5
25/01/1989,6.3,1.754,210.0,101.1,82.0,0.8
26/01/1989,7.1,1.763,307.1,101.1,61.0,1.7
29/01/1989,7.7,1.239,281.4,101.2,65.0,1.4
31/01/1989,10.9,1.253,289.8,100.4,55.0,2.0
03/02/1989,6.8,3.366,84.9,100.9,86.0,0.8
04/02/1989,4.3,3.348,210.6,100.6,78.0,1.1
08/02/1989,3.0,1.945,79.8,101.0,86.0,0.6
09/02/1989,8.9,2.551,171.2,101.2,75.0,1.2
12/02/1989,6.5,1.717,181.8,101.1,77.0,0.9
14/02/1989,6.5,1.722,362.7,101.0,63.0,1.9
17/02/1989,10.3,1.08,327.6,101.3,60.0,2.1
18/02/1989,11.4,1.599,205.4,100.6,69.0,1.5
20/02/1989,11.3,1.453,404.7,101.2,64.0,2.5
21/02/1989,13.3,1.695,362.1,101.4,60.0,2.7
24/02/1989,13.6,1.326,166.2,100.9,76.0,1.2
26/02/1989,16.2,2.546,371.4,101.0,67.0,3.3
01/03/1989,10.8,2.182,302.1,100.5,64.0,2.1
04/03/1989,8.8,3.038,378.1,101.1,63.0,2.6
06/03/1989,15.4,2.578,263.8,100.7,64.0,2.6
07/03/1989,17.0,2.2,230.7,100.2,76.0,1.9
10/03/1989,16.6,3.904,359.1,100.8,59.0,4.1
14/03/1989,11.3,2.697,406.3,100.9,68.0,2.8
17/03/1989,11.1,2.446,395.1,101.0,55.0,3.1
18/03/1989,14.2,2.706,484.1,101.1,56.0,4.3
20/03/1989,15.1,2.988,512.5,101.0,75.0,3.7
21/03/1989,16.3,2.642,520.3,101.1,61.0,4.5
26/03/1989,10.8,3.23,560.7,100.3,66.0,4.2
28/03/1989,17.4,3.895,586.8,101.2,61.0,5.9
04/04/1989,17.3,2.451,598.1,101.2,55.0,5.7
05/04/1989,20.9,2.237,577.5,101.0,50.0,6.3
07/04/1989,23.0,2.259,595.6,100.5,47.0,7.1
08/04/1989,23.5,2.665,604.6,100.0,47.0,7.6
11/04/1989,20.6,3.581,611.6,99.9,47.0,8.0
13/04/1989,22.6,3.503,594.6,100.1,49.0,7.9
16/04/1989,21.6,2.515,525.1,100.1,46.0,6.6
18/04/1989,20.8,3.622,573.8,100.4,51.0,7.3
23/04/1989,14.9,4.287,519.2,100.1,48.0,6.1
26/04/1989,14.7,3.321,469.6,100.8,53.0,5.0
29/04/1989,19.7,2.701,462.9,100.2,33.0,6.7
03/05/1989,23.3,4.159,675.1,100.5,40.0,10.5
06/05/1989,27.8,3.467,576.0,100.1,41.0,10.1
07/05/1989,27.3,3.858,595.3,100.3,45.0,10.2
10/05/1989,14.5,4.259,350.7,100.4,52.0,4.7
11/05/1989,14.7,3.731,372.1,100.4,60.0,4.1
15/05/1989,18.9,2.87,695.0,99.8,57.0,7.6
17/05/1989,23.6,4.091,712.3,100.0,33.0,11.0
26/05/1989,22.2,4.223,744.2,100.2,35.0,11.5
30/05/1989,20.0,3.366,752.1,100.4,41.0,9.8
01/06/1989,27.2,3.713,754.4,100.3,21.0,14.2
02/06/1989,27.6,2.811,623.8,100.1,26.0,11.5
06/06/1989,24.0,4.346,721.2,100.3,47.0,11.0
10/06/1989,22.9,3.649,733.2,100.0,44.0,10.3
17/06/1989,26.6,4.036,763.5,100.2,27.0,14.1
18/06/1989,28.4,4.319,732.5,100.2,26.0,14.8
22/06/1989,30.2,3.016,756.4,99.4,24.0,14.0
23/06/1989,28.4,3.763,759.4,99.2,29.0,14.1
02/07/1989,25.4,4.287,719.8,100.3,28.0,13.0
05/07/1989,28.9,4.068,745.4,100.3,26.0,14.8
08/07/1989,32.2,4.214,664.9,100.0,21.0,15.9
10/07/1989,27.6,4.346,751.1,99.8,31.0,14.0
18/07/1989,31.2,3.995,710.7,100.2,39.0,13.6
20/07/1989,31.0,4.104,627.1,99.9,31.0,13.5
23/07/1989,31.2,4.196,694.7,100.2,31.0,14.5
26/07/1989,27.5,4.091,722.2,100.1,26.0,13.8
29/07/1989,27.2,4.3,647.5,100.0,32.0,12.4
02/08/1989,25.8,3.262,719.6,100.0,24.0,12.2
04/08/1989,28.1,3.143,686.2,100.0,32.0,11.8
05/08/1989,28.8,3.458,685.5,100.2,33.0,12.4
08/08/1989,29.2,3.294,470.2,99.8,46.0,9.0
11/08/1989,27.9,4.132,673.8,100.2,28.0,13.3
19/08/1989,26.1,3.508,649.7,100.0,38.0,10.5
20/08/1989,25.0,3.608,497.8,99.8,38.0,8.5
22/08/1989,25.7,4.355,635.3,100.1,42.0,10.4
24/08/1989,23.7,2.323,634.7,100.0,39.0,8.7
27/08/1989,25.3,3.549,633.0,100.1,35.0,10.5
30/08/1989,21.2,4.155,622.1,100.0,44.0,8.9
02/09/1989,26.7,2.934,602.5,100.2,28.0,10.8
03/09/1989,27.0,2.838,607.9,100.1,30.0,10.6
05/09/1989,27.7,2.724,596.6,100.0,27.0,10.5
06/09/1989,25.9,3.558,592.3,99.6,27.0,10.7
09/09/1989,24.4,3.74,562.6,100.1,35.0,9.5
11/09/1989,22.7,3.312,577.5,99.8,46.0,8.1
14/09/1989,28.0,2.806,553.7,100.1,27.0,10.2
15/09/1989,28.7,2.815,528.1,100.0,32.0,9.8
17/09/1989,19.1,2.829,534.2,100.0,59.0,5.5
18/09/1989,15.9,3.075,162.3,100.1,70.0,2.4
21/09/1989,22.1,1.954,518.1,100.2,56.0,5.7
23/09/1989,26.5,2.915,513.1,99.9,43.0,7.9
26/09/1989,22.5,2.761,485.7,100.3,51.0,6.4
27/09/1989,21.5,2.756,476.5,100.1,56.0,5.9
29/09/1989,20.4,3.198,432.2,100.5,70.0,4.6
30/09/1989,19.4,4.086,442.0,100.6,60.0,5.6
03/10/1989,16.4,2.196,434.4,100.5,63.0,3.9
05/10/1989,19.5,2.237,473.5,100.2,42.0,5.6
08/10/1989,21.4,2.761,449.4,100.7,40.0,6.3
09/10/1989,22.4,2.387,442.6,100.6,40.0,6.2
11/10/1989,21.8,2.023,448.6,100.4,28.0,6.5
12/10/1989,21.9,2.428,415.6,100.4,40.0,5.9
15/10/1989,17.3,2.761,393.6,100.3,55.0,4.3
17/10/1989,19.8,1.772,395.1,100.5,46.0,4.5
20/10/1989,21.3,3.394,350.3,100.1,28.0,7.0
21/10/1989,18.0,3.243,160.2,100.5,70.0,2.8
23/10/1989,19.3,4.205,239.6,100.7,55.0,4.7
24/10/1989,16.6,3.526,272.0,100.7,73.0,2.3
27/10/1989,12.9,2.884,372.3,101.0,62.0,2.9
29/10/1989,12.4,1.95,361.7,101.0,55.0,2.8
01/11/1989,12.9,1.9,348.3,101.0,47.0,3.1
02/11/1989,12.7,1.563,342.6,101.0,48.0,2.8
04/11/1989,13.9,2.105,329.6,100.4,41.0,3.5
05/11/1989,14.8,2.601,315.5,100.3,42.0,3.6
08/11/1989,12.8,1.799,294.5,100.9,59.0,2.3
10/11/1989,13.6,1.057,292.2,100.6,54.0,2.2
13/11/1989,13.9,1.553,265.6,100.6,65.0,1.9
14/11/1989,10.6,1.727,198.8,100.8,85.0,0.8
16/11/1989,9.0,1.54,146.9,100.8,93.0,0.3
17/11/1989,11.0,1.13,259.2,100.2,69.0,1.4
20/11/1989,13.0,1.745,272.5,100.6,50.0,2.6
22/11/1989,12.3,1.722,223.5,100.7,58.0,1.9
25/11/1989,11.5,3.663,87.4,100.2,79.0,0.9
26/11/1989,10.7,3.617,234.0,101.1,60.0,2.3
28/11/1989,7.5,1.367,280.3,101.5,55.0,1.6
29/11/1989,8.3,1.266,264.5,101.2,47.0,1.7
02/12/1989,8.0,1.863,267.6,101.6,61.0,1.7
04/12/1989,8.4,1.781,229.6,101.2,63.0,1.3
07/12/1989,9.6,1.622,219.6,101.0,66.0,1.2
08/12/1989,10.3,2.355,236.6,101.0,62.0,1.5
11/12/1989,7.1,1.599,169.7,101.4,74.0,0.9
12/12/1989,4.7,1.221,228.5,101.3,66.0,0.9
15/12/1989,6.4,1.389,219.1,100.7,55.0,1.3
17/12/1989,6.3,1.412,229.5,100.1,60.0,1.3
20/12/1989,3.2,1.758,190.1,101.3,83.0,0.5
22/12/1989,3.1,1.38,80.6,101.8,98.0,0.0
24/12/1989,2.6,1.112,93.5,101.6,93.0,0.1
25/12/1989,2.5,1.335,146.0,101.3,89.0,0.3
28/12/1989,5.2,2.187,97.9,100.6,89.0,0.3
30/12/1989,5.2,1.74,223.2,101.0,67.0,1.0
02/01/1990,6.2,3.585,108.4,100.6,86.0,0.6
03/01/1990,5.2,2.045,250.9,101.4,67.0,1.2
05/01/1990,4.1,1.485,228.3,101.8,77.0,0.8
06/01/1990,5.0,1.216,229.4,101.6,72.0,0.9
09/01/1990,9.3,1.954,253.9,101.1,63.0,1.5
11/01/1990,11.6,2.31,222.8,100.4,61.0,1.7
15/01/1990,9.8,1.289,151.2,100.8,82.0,0.6
16/01/1990,7.0,2.214,87.4,100.2,94.0,0.2
18/01/1990,4.5,2.004,227.8,100.7,73.0,0.9
19/01/1990,6.2,1.553,258.4,100.5,67.0,1.2
22/01/1990,3.7,1.412,199.7,101.0,93.0,0.3
24/01/1990,3.8,1.581,111.3,101.3,96.0,0.1
27/01/1990,5.5,2.004,273.5,101.5,64.0,1.5
28/01/1990,6.5,1.645,289.3,101.5,62.0,1.5
30/01/1990,8.6,2.888,164.7,99.7,77.0,1.2
31/01/1990,8.4,1.799,261.2,100.2,69.0,1.5
04/02/1990,7.7,4.141,153.3,100.8,78.0,1.3
06/02/1990,7.4,2.41,128.4,101.0,82.0,0.8
09/02/1990,8.7,2.182,329.2,101.6,58.0,2.3
10/02/1990,8.8,1.59,339.8,101.5,63.0,1.9
12/02/1990,11.9,3.412,334.4,100.3,69.0,3.0
15/02/1990,2.5,2.961,374.3,101.0,39.0,2.8
19/02/1990,4.8,3.011,351.2,101.3,73.0,1.7
21/02/1990,8.5,1.485,256.0,101.4,69.0,1.5
24/02/1990,12.9,1.931,330.2,101.1,62.0,2.4
25/02/1990,14.1,2.045,357.1,100.8,63.0,2.8
27/02/1990,14.2,2.032,385.7,100.9,67.0,2.8
28/02/1990,14.7,1.676,392.8,100.9,65.0,2.8
03/03/1990,14.2,1.658,262.9,100.8,73.0,1.8
05/03/1990,9.3,3.294,265.9,100.8,69.0,2.1
09/03/1990,11.7,2.578,418.6,100.3,62.0,3.3
10/03/1990,10.8,2.847,203.1,100.2,72.0,1.6
12/03/1990,7.0,2.164,339.6,100.8,63.0,2.0
13/03/1990,8.0,2.182,487.5,101.3,53.0,3.2
16/03/1990,15.9,1.508,405.3,100.8,48.0,3.7
18/03/1990,16.7,2.064,508.8,100.7,54.0,4.6
21/03/1990,18.0,1.972,514.4,100.7,52.0,4.9
22/03/1990,17.9,2.606,464.0,100.6,54.0,4.8
24/03/1990,17.4,2.164,533.4,100.3,54.0,5.0
26/03/1990,14.6,3.576,560.5,100.5,55.0,5.6
29/03/1990,15.6,2.606,538.3,100.1,48.0,5.5
31/03/1990,16.8,2.205,572.1,100.2,45.0,5.8
03/04/1990,20.5,2.396,564.6,100.3,35.0,7.4
04/04/1990,19.7,2.984,484.1,100.1,39.0,6.8
06/04/1990,17.1,3.681,523.4,100.4,59.0,5.5
07/04/1990,13.8,3.781,275.9,100.5,73.0,2.7
10/04/1990,20.3,3.389,554.7,101.0,43.0,7.5
13/04/1990,23.2,1.977,568.0,100.2,38.0,7.4
16/04/1990,15.2,3.571,293.8,99.8,76.0,2.9
17/04/1990,17.4,2.966,548.1,100.1,57.0,5.6
20/04/1990,18.3,3.549,465.2,100.5,57.0,5.5
21/04/1990,18.6,4.155,657.0,100.2,48.0,8.1
25/04/1990,19.0,1.74,624.5,100.6,48.0,6.2
27/04/1990,23.2,2.592,646.3,100.2,45.0,8.5
02/05/1990,21.7,2.824,694.8,99.9,30.0,9.8
03/05/1990,25.0,2.87,700.9,100.2,30.0,11.1
06/05/1990,26.9,3.417,717.4,100.0,27.0,12.8
07/05/1990,23.5,4.291,736.4,99.7,24.0,13.2
10/05/1990,16.3,3.307,397.3,100.2,51.0,5.0
12/05/1990,19.7,3.767,704.2,100.2,37.0,9.5
16/05/1990,22.5,2.902,641.5,100.3,31.0,9.4
22/05/1990,21.9,3.412,724.3,100.4,47.0,9.5
25/05/1990,19.4,3.453,696.5,100.3,39.0,9.1
27/05/1990,16.6,3.562,183.9,99.9,82.0,2.0
02/06/1990,22.1,3.075,760.9,100.6,38.0,10.5
09/06/1990,27.8,3.421,503.5,99.6,38.0,9.6
16/06/1990,22.7,4.35,756.1,100.2,45.0,11.2
17/06/1990,24.8,4.022,762.8,100.0,34.0,12.5
20/06/1990,30.6,3.171,757.2,99.8,29.0,13.8
21/06/1990,30.7,2.952,747.8,99.6,31.0,13.4
26/06/1990,27.8,3.407,773.3,100.4,26.0,14.1
29/06/1990,28.8,3.476,758.3,99.9,35.0,13.2
07/07/1990,26.8,3.421,762.2,99.7,34.0,12.7
08/07/1990,27.3,3.927,749.1,99.8,38.0,12.8
10/07/1990,30.3,3.025,628.6,100.2,35.0,11.8
11/07/1990,31.3,2.633,405.7,100.1,38.0,9.1
14/07/1990,33.9,3.858,723.7,99.6,34.0,15.2
16/07/1990,29.4,3.813,691.7,100.0,36.0,12.4
19/07/1990,31.0,4.36,716.9,99.9,34.0,14.8
20/07/1990,31.9,3.927,719.4,99.9,34.0,14.7
22/07/1990,31.2,3.644,732.2,99.9,29.0,14.5
23/07/1990,28.5,3.991,722.4,99.7,35.0,12.8
26/07/1990,26.2,2.902,732.3,100.3,31.0,11.7
28/07/1990,29.7,3.307,707.6,100.0,32.0,12.7
31/07/1990,29.4,3.266,699.7,100.0,37.0,12.1
01/08/1990,29.2,3.048,706.4,99.8,36.0,11.9
03/08/1990,29.0,3.854,674.2,100.2,37.0,12.1
04/08/1990,29.4,3.458,694.0,100.2,38.0,12.0
07/08/1990,34.9,3.262,640.2,100.0,29.0,13.7
09/08/1990,33.8,3.544,602.1,99.9,37.0,12.9
12/08/1990,31.3,3.553,640.4,100.1,32.0,12.9
13/08/1990,29.5,3.353,643.9,100.0,36.0,11.6
20/08/1990,23.7,2.469,629.1,100.1,42.0,8.4
21/08/1990,24.3,3.489,639.7,100.5,46.0,9.3
25/08/1990,20.2,4.022,637.4,100.4,46.0,8.5
27/08/1990,23.5,3.503,618.7,100.6,43.0,9.1
31/08/1990,24.2,3.553,627.1,100.2,39.0,9.9
01/09/1990,25.7,2.515,614.3,100.1,33.0,9.6
03/09/1990,25.5,3.881,609.5,100.1,33.0,10.9
04/09/1990,25.3,2.984,598.9,100.3,35.0,9.7
07/09/1990,26.1,3.612,584.3,100.5,33.0,10.7
09/09/1990,26.2,2.114,576.8,100.1,33.0,8.9
12/09/1990,26.1,3.412,571.5,100.2,32.0,10.3
13/09/1990,26.0,2.492,561.3,100.1,31.0,9.4
17/09/1990,23.3,2.423,456.1,99.8,35.0,7.1
18/09/1990,22.6,2.888,503.3,100.1,47.0,6.9
21/09/1990,24.6,3.904,314.1,100.0,40.0,7.0
23/09/1990,20.2,3.002,355.4,100.5,69.0,4.2
26/09/1990,21.6,3.307,472.1,100.5,54.0,6.4
27/09/1990,21.7,3.617,482.4,100.2,50.0,7.0
29/09/1990,24.3,1.654,472.1,100.1,39.0,6.5
30/09/1990,25.5,1.599,480.6,100.2,33.0,7.2
03/10/1990,23.3,1.663,461.5,100.3,37.0,6.5
05/10/1990,23.2,3.38,432.6,100.3,45.0,6.8
08/10/1990,18.4,1.859,457.8,100.9,30.0,5.8
09/10/1990,20.2,1.59,464.3,101.0,25.0,6.2
11/10/1990,19.6,1.426,430.6,100.3,27.0,5.7
12/10/1990,20.0,1.49,426.7,100.4,26.0,5.7
15/10/1990,20.4,2.114,414.5,100.1,33.0,5.8
17/10/1990,19.7,1.339,416.4,100.3,42.0,4.8
21/10/1990,17.4,1.075,393.4,100.8,35.0,4.3
22/10/1990,17.6,1.098,378.9,100.4,31.0,4.4
24/10/1990,19.6,1.157,381.9,100.6,34.0,4.6
25/10/1990,20.1,1.881,319.2,100.6,32.0,4.9
28/10/1990,18.0,1.221,358.7,100.6,41.0,3.9
30/10/1990,15.8,1.367,339.2,100.5,51.0,3.2
02/11/1990,10.5,1.768,346.2,100.7,46.0,3.2
03/11/1990,11.3,1.626,343.4,101.1,36.0,3.4
05/11/1990,13.3,2.665,334.4,100.4,31.0,4.6
06/11/1990,10.7,1.535,327.8,100.4,36.0,3.2
09/11/1990,13.1,1.175,318.7,101.2,29.0,3.5
11/11/1990,14.2,1.522,269.1,100.9,36.0,3.3
14/11/1990,13.1,3.549,253.7,100.4,59.0,3.3
15/11/1990,12.3,1.727,137.4,100.9,77.0,1.1
17/11/1990,14.8,0.948,242.6,100.8,57.0,2.2
18/11/1990,13.5,1.736,203.7,100.4,59.0,2.3
21/11/1990,8.1,1.052,273.4,101.1,47.0,1.9
23/11/1990,8.9,1.153,274.2,101.2,47.0,2.0
26/11/1990,6.5,4.177,209.6,100.5,72.0,1.7
27/11/1990,5.7,1.499,263.5,101.2,64.0,1.3
29/11/1990,8.3,0.679,234.4,101.4,55.0,1.4
30/11/1990,8.6,1.444,244.5,101.1,55.0,1.7
03/12/1990,6.6,0.952,218.2,101.5,57.0,1.2
05/12/1990,5.8,1.44,217.6,101.5,66.0,1.1
08/12/1990,7.8,0.966,239.6,101.0,51.0,1.5
09/12/1990,8.2,1.125,245.1,100.9,45.0,1.8
11/12/1990,11.2,3.084,101.7,100.6,76.0,1.4
12/12/1990,10.0,1.695,111.4,100.6,85.0,0.7
15/12/1990,4.5,2.724,101.8,100.3,86.0,0.5
17/12/1990,4.7,1.813,152.1,101.5,79.0,0.6
20/12/1990,1.2,1.945,211.7,100.2,68.0,0.9
26/12/1990,1.8,0.601,231.7,101.0,53.0,1.0
28/12/1990,3.2,1.977,228.7,99.9,57.0,1.3
29/12/1990,1.1,1.043,202.4,100.7,74.0,0.6
